-5.55111512313e-17
0.0
5.55111512313e-17
2.77555756156e-17
Q:
[[-0.90019969  1.          0.          0.          0.          0.        ]
 [-0.52015975  0.8         1.          0.          0.          0.        ]
 [-0.14011981  0.6         0.49198267  0.42746314  0.09621783  1.        ]
 [ 0.23992013  0.4         0.60896535  1.          0.          0.        ]
 [ 0.61996006  0.2        -0.02551485  0.79751934  1.          0.        ]
 [ 1.          0.          0.          0.          0.          0.        ]]
Q:
[[ 0.97083228  1.          0.          0.        ]
 [ 0.98055485  0.66666667  0.29093838  1.        ]
 [ 0.99027743  0.33333333  1.          0.        ]
 [ 1.          0.          0.          0.        ]]
Q:
[[ 0.11159808  1.          0.          0.        ]
 [ 0.28927846  0.8         0.44929093 -0.15566641]
 [ 0.46695885  0.6         0.49845304 -0.27953214]
 [ 0.64463923  0.4         0.74830001  1.        ]
 [ 0.82231962  0.2         1.          0.        ]
 [ 1.          0.          0.          0.        ]]
Q:
[[ 0.83079196  1.          0.          0.        ]
 [ 0.88719464  0.66666667  0.20829503  1.        ]
 [ 0.94359732  0.33333333  1.          0.        ]
 [ 1.          0.          0.          0.        ]]
Q:
[[ 0.11414348  1.          0.          0.        ]
 [ 0.29131478  0.8         0.00783732  0.19012593]
 [ 0.46848609  0.6        -0.39449647 -0.92295847]
 [ 0.64565739  0.4         0.51691885  1.        ]
 [ 0.8228287   0.2         1.          0.        ]
 [ 1.          0.          0.          0.        ]]
Q:
[[ 0.83060868  1.          0.          0.        ]
 [ 0.88707246  0.66666667  0.4975278   1.        ]
 [ 0.94353623  0.33333333  1.          0.        ]
 [ 1.          0.          0.          0.        ]]
Q:
[[-0.07350875 -0.72000416  0.55456936 -0.0008935  -0.11172832 -0.39516995]
 [-0.18760359 -0.5099441  -0.11418735 -0.03366214  0.50271502  0.66171567]
 [-0.30169842 -0.29988405 -0.45068881  0.16560017 -0.74561092  0.18046647]
 [-0.41579325 -0.089824   -0.46744811 -0.55282038  0.24708927 -0.48360769]
 [-0.52988809  0.12023606 -0.02913472  0.74795628  0.29043576 -0.24519695]
 [-0.64398292  0.33029611  0.50688964 -0.32618044 -0.1829008   0.28179246]]
-3.05311331772e-16
2.22044604925e-16
-5.55111512313e-17
1.38777878078e-16
